 species    HL_GAP      HOMO      LUMO  First_Exc   HMINUS1    LPLUS1   HMINUS2    LPLUS2      Osc_onset   H-L_onset  First_bright
    DMSO  7.815929 -7.175373  0.640556     5.2455 -7.864093  0.943963 -7.950626  1.064782      0.0839        0.87     5.63
     NMP  8.018654 -7.246939  0.771715     5.5107 -7.983279  1.029951 -8.024912  1.085463      0.3122        0.84     5.51
     DMF  8.169405 -7.559598  0.609807     5.5958 -8.102737  0.868044 -8.219746  0.903418      0.3447        0.66     5.60
     GBL  8.119881 -7.873345  0.246535     5.5298 -8.255600  0.480825 -8.378933  0.678924      0.1342        0.81     5.53
      PC  8.279339 -7.873345  0.405994     5.5091 -8.282060  0.586133 -8.403151  0.718925      0.0900        0.91     5.81
     ACN  8.352538 -8.173759  0.178779     5.6732 -8.365055  0.248168 -8.520704  0.469669      0.0387        0.0      6.04
    
     
    
    

