species    HL_GAP      HOMO      LUMO  First_Exc   HMINUS1    LPLUS1   HMINUS2    LPLUS2   Osc_onset  H-L_onset    First_bright
   DMSO  7.684498 -7.060269  0.624229     5.2876 -7.453746  0.718925 -7.500549  0.755933   0.1444     0.79         5.39
    NMP  7.654566 -6.991152  0.663414     5.1832 -7.394969  0.810900 -7.621011  1.122198   0.0837     0.91         5.48
    DMF  7.621640 -7.107889  0.513751     5.2530 -7.503815  0.567085 -7.619463  0.836478   0.3746     0.90         5.25
    GBL  7.589803 -7.398506  0.191296     5.1398 -7.821231  0.227487 -7.833231  0.385313   0.1386     0.63         5.23
     PC  7.892938 -7.609123  0.283815     5.2483 -7.762051  0.317013 -7.902121  0.614978   0.0301     0.14         5.62
    ACN  7.708444 -7.718785 -0.010340     5.0814 -7.760962  0.016599 -7.931578  0.378511   0.0213     0.36         5.42
  
   
   
   
  
